23.199999999999704
32.99999999999971
25.29999999999974
25.599999999999767
36.59999999999983
28.29999999999974
29.09999999999978
38.799999999999855
26.29999999999974
26.199999999999925
28.699999999999747
25.699999999999733
40.399999999999665
23.199999999999676
20.89999999999967
30.59999999999974
28.299999999999965
27.69999999999974
38.99999999999975
24.399999999999764
25.199999999999754
24.599999999999717
34.899999999999714
23.599999999999696
23.39999999999967
40.99999999999995
20.199999999999648
19.199999999999655
